1 2 6 32
2 1 6 7 9
3 4 9 13
4 3 7 8 9
5 6 7 8 15
6 1 2 5 7
7 2 5 6 8
8 4 5 7
9 3 4 2 7
10 11 12
11 10 12 13 25
12 13 11 10
13 3 11 12
14 15 17 16 20
15 5 14 17
16 17 14 20 18 19
17 19 15 16 14
18 25 23 33 19 16 20
19 17 16 18 33 37 27
20 14 25 16 18
21 25 26 22
22 24 33 23 21 25 26
23 33 18 25 22
24 26 22
25 11 20 23 22 21
26 24 21 22
27 19 37 33 28 29
28 29 27 37 36 34 35
29 33 27 28 35
30 36 34 38 32
31 34 32
32 1 31 3 34 38
33 23 22 18 19 27 29
34 28 36 30 32 31
35 40 28 29
36 37 38 30 34 28
37 19 27 28 36
38 36 30 32
39 41 42
40 35 41 42
41 40 39 42
42 39 41 40